1 0.0547147 0.0262824
2 0.226694 0.0992766
3 0.160724 0.0576924
4 -0.0690786 -0.0391216
5 -0.119951 -0.0530677
6 -0.167953 -0.0719813
7 -0.212198 -0.0870913
8 -0.26273 -0.110145
9 -0.338655 -0.139258
10 -0.115562 -0.0239154
11 0.0668466 0.0449795
12 0.13528 0.0575336
13 0.099726 0.036335
14 -0.0463256 -0.0331354
15 -0.161023 -0.0701443
16 -0.0222357 0.00498448
17 0.106028 0.0552377
18 0.191125 0.0849598
19 0.265072 0.113423
20 0.278069 0.111877
21 0.24102 0.0927029
22 0.151108 0.0514522
23 0.0571229 0.0134506
24 -0.045562 -0.0284933
25 -0.102072 -0.0464797
26 -0.108507 -0.0437247
27 -0.0560245 -0.0171615
28 0.0859605 0.0485827
29 0.279311 0.13106
30 0.425698 0.184918
31 0.379693 0.147277
32 0.123207 0.0364587
33 -0.130729 -0.0776853
34 -0.154474 -0.0641639
35 -0.099089 -0.0340972
36 -0.0203886 -0.0042204
37 -0.0637206 -0.0298215
38 -0.0825772 -0.0349165
39 -0.10739 -0.0454374
40 -0.165434 -0.0719782
41 -0.197482 -0.0821974
42 -0.221149 -0.0908262
43 -0.212049 -0.0839096
44 -0.165924 -0.0617569
45 -0.0961647 -0.03149
46 -0.0014917 0.00413697
47 0.0829981 0.0416482
48 0.129732 0.0565664
49 0.140959 0.0575061
50 0.114737 0.0432727
51 0.0580136 0.0175331
52 0.00649246 -0.00255513
53 -0.0366028 -0.0189507
54 -0.0608491 -0.0267643
55 -0.0425515 -0.0151908
56 0.0477832 0.0281468
57 0.165544 0.0779936
58 0.260964 0.113928
59 0.179512 0.0636594
60 0.105142 0.0346197
61 -0.00154821 -0.0112883
62 -0.194822 -0.097256
63 -0.369805 -0.16542
64 -0.493969 -0.210004
65 -0.442311 -0.171758
66 -0.299093 -0.105315
67 -0.121853 -0.0310173
68 0.052473 0.0384218
69 0.247974 0.11874
70 0.351876 0.15114
71 0.37867 0.154147
72 0.320353 0.122309
73 0.189857 0.0628931
74 0.0434876 0.00275814
75 -0.0809153 -0.0448064
76 -0.165259 -0.074538
77 -0.196182 -0.0815652
78 -0.161006 -0.0608848
79 -0.0904262 -0.0291125
80 -0.00672594 0.00567965
81 0.0610037 0.0311745
82 0.0985682 0.0413055
83 0.0988635 0.0395749
84 0.0703391 0.0252832
85 0.0272631 0.00659764
86 -0.0197683 -0.0126104
87 -0.044979 -0.0205127
88 -0.0470615 -0.0190328
89 -0.0458654 -0.0182265
90 -0.0393822 -0.0151046
91 -0.0326441 -0.0127207
92 -0.0275344 -0.0105028
93 -0.0235703 -0.00903171
94 -0.0205177 -0.00790182
95 -0.0179231 -0.00690978
96 -0.016093 -0.0062542
97 -0.0151826 -0.00598199
98 -0.0148882 -0.00592586
99 -0.0856256 -0.041324
