1 -0.358148 0.10627 0
2 2.99983 0 0.683916
3 0.230175 0.0924479 0
4 0.420542 0 0.0888676
5 1.97382 0 0.472428
6 1.52702 0 0.283064
7 1.28735 0 0.251477
8 1.83544 0 0.394492
9 1.43228 0 0.276377
10 1.44876 0 0.290577
11 1.73114 0 0.360346
12 1.38934 0 0.269324
13 1.52907 0 0.312801
14 1.66774 0 0.340482
15 1.43586 0 0.281374
16 1.51027 0 0.305774
17 1.63327 0 0.332803
18 1.47458 0 0.286982
19 1.52641 0 0.307874
20 1.65243 0 0.333636
21 1.47532 0 0.286209
22 1.55159 0 0.314132
23 1.57021 0 0.314972
24 1.51882 0 0.301195
25 1.57478 0 0.317753
26 1.55355 0 0.310178
27 1.52631 0 0.3039
28 1.58258 0 0.319329
29 1.53056 0 0.303511
30 1.53254 0 0.306608
31 1.5929 0 0.321598
32 1.49652 0 0.296894
33 1.58424 0 0.321233
34 1.54014 0 0.305824
35 1.53937 0 0.307835
36 1.43262 0 0.283854
37 1.52714 0 0.310155
38 1.61377 0 0.327085
39 1.45064 0 0.281972
40 1.50238 0 0.303063
41 1.51245 0 0.302993
42 1.48963 0 0.296786
43 1.51849 0 0.305141
44 1.47337 0 0.292417
45 1.59559 0 0.325229
46 1.47199 0 0.291307
47 1.48156 0 0.296791
48 1.5615 0 0.316296
49 1.49205 0 0.294937
50 1.48175 0 0.295835
51 1.55011 0 0.313441
52 1.50114 0 0.29778
53 1.49411 0 0.298469
54 1.4815 0 0.295669
55 1.52387 0 0.306892
56 1.52544 0 0.305167
57 1.542 0 0.309228
58 1.51767 0 0.302318
59 1.45625 0 0.28818
60 1.55291 0 0.315415
61 1.49049 0 0.294978
62 1.50378 0 0.301421
63 1.47504 0 0.293571
64 1.53898 0 0.310992
65 1.5328 0 0.30625
66 1.47638 0 0.292454
67 1.53878 0 0.310877
68 1.50826 0 0.300125
69 1.45141 0 0.287439
70 1.60607 0 0.328948
71 1.41912 0 0.274476
72 1.54256 0 0.314683
73 1.51239 0 0.300971
74 1.45084 0 0.28709
75 1.58306 0 0.323224
76 1.50909 0 0.298119
77 1.42967 0 0.281964
78 1.6089 0 0.330741
79 1.4352 0 0.278355
80 1.48202 0 0.298744
81 1.61549 0 0.329773
82 1.40164 0 0.274981
83 1.47477 0 0.298612
84 1.57599 0 0.320258
85 1.33036 0 0.25379
86 1.16886 0 0.225696
87 1.17101 0 0.23431
88 0.933502 0 0.174825
89 0.81436 0 0.156915
90 0.950977 0 0.197026
91 0.946897 0 0.189277
92 0.943976 0 0.188649
93 0.945665 0 0.189217
94 0.947406 0 0.189568
95 0.943971 0 0.188622
96 0.696858 0 0.127016
97 0.446891 0 0.0768797
98 0.20958 0 0.0300504
99 2.20502 0 0.540776
